%diary test
%diary test
A1 = [-2 1 0 0 0
1 0 1 -2 0
0 0 0 1 -2
1 -2 1 0 0
0 1 -2 1 0
]

A1 =

    -2     1     0     0     0
     1     0     1    -2     0
     0     0     0     1    -2
     1    -2     1     0     0
     0     1    -2     1     0

[L1,U1] = gauss_lu(A1)

L1 =

    1.0000         0         0         0         0
   -0.5000    1.0000         0         0         0
         0         0    1.0000         0         0
   -0.5000   -3.0000       Inf    1.0000         0
         0    2.0000      -Inf       NaN    1.0000


U1 =

   -2.0000    1.0000         0         0         0
         0    0.5000    1.0000   -2.0000         0
         0         0         0    1.0000   -2.0000
         0         0       NaN      -Inf       Inf
         0         0       NaN       NaN       NaN

det(A1)

ans =

   -8.0000

cond(A1)

ans =

   15.4003

inv(A1)

ans =

   -1.0000   -0.2500         0   -0.7500   -0.5000
   -1.0000   -0.5000         0   -1.5000   -1.0000
   -1.0000   -0.7500         0   -1.2500   -1.5000
   -1.0000   -1.0000         0   -1.0000   -1.0000
   -0.5000   -0.5000   -0.5000   -0.5000   -0.5000

diary off
