demoscript

x =

    1.3000


xsquared =

    1.6900


p =

    1.8540


ans =

    3.1416


adjacent_over_hypotenuse =

    0.7071


z =

   3.0000 + 2.0000i


zsquared =

   5.0000 +12.0000i


logz =

   1.2825 + 0.5880i


ans =

    'The following is a list of cube roots.'


cuberoots =

    1.0000    1.2599    1.4422    1.5874    1.7100    1.8171    1.9129    2.0000    2.0801    2.1544

tic
demoscr
{Unrecognized function or variable 'demoscr'.
} 
tic;
demoscript;

x =

    1.3000


xsquared =

    1.6900


p =

    1.8540


ans =

    3.1416


adjacent_over_hypotenuse =

    0.7071


z =

   3.0000 + 2.0000i


zsquared =

   5.0000 +12.0000i


logz =

   1.2825 + 0.5880i


ans =

    'The following is a list of cube roots.'


cuberoots =

    1.0000    1.2599    1.4422    1.5874    1.7100    1.8171    1.9129    2.0000    2.0801    2.1544

tic
demoscrit
{Unrecognized function or variable 'demoscrit'.
} 
toc
Elapsed time is 19.827188 seconds.
demoscript

x =

    1.3000


xsquared =

    1.6900


p =

    1.8540


ans =

    3.1416


adjacent_over_hypotenuse =

    0.7071


z =

   3.0000 + 2.0000i


zsquared =

   5.0000 +12.0000i


logz =

   1.2825 + 0.5880i


ans =

    'The following is a list of cube roots.'


cuberoots =

    1.0000    1.2599    1.4422    1.5874    1.7100    1.8171    1.9129    2.0000    2.0801    2.1544

tic
edit demoscript.m
pwd

ans =

    'C:\Users\husey\Desktop\MatlLab\Math381'

dbstop if error
dbstop if naninf
demoscript.m
{Unable to resolve the name demoscript.m.
} 
demoscript

x =

    1.3000


xsquared =

    1.6900


p =

    1.8540


ans =

    3.1416


adjacent_over_hypotenuse =

    0.7071


z =

   3.0000 + 2.0000i


zsquared =

   5.0000 +12.0000i


logz =

   1.2825 + 0.5880i


ans =

    'The following is a list of cube roots.'


cuberoots =

    1.0000    1.2599    1.4422    1.5874    1.7100    1.8171    1.9129    2.0000    2.0801    2.1544

NaN/Inf breakpoint hit for demoscript.m on line 59.
<a href="matlab: opentoline('C:\Users\husey\Desktop\MatlLab\Math381\demoscript.m',59,1)">59  </a>bad=1/(x-1)
opentoline('C:\Users\husey\Desktop\MatlLab\Math381\demoscript.m',59,1)
demoscript

x =

    1.3000


xsquared =

    1.6900


p =

    1.8540


ans =

    3.1416


adjacent_over_hypotenuse =

    0.7071


z =

   3.0000 + 2.0000i


zsquared =

   5.0000 +12.0000i


logz =

   1.2825 + 0.5880i


ans =

    'The following is a list of cube roots.'


cuberoots =

    1.0000    1.2599    1.4422    1.5874    1.7100    1.8171    1.9129    2.0000    2.0801    2.1544

<a href="matlab: opentoline('C:\Users\husey\Desktop\MatlLab\Math381\demoscript.m',59,1)">59  </a>bad=1/(x-1)

x =

    1.3000


xsquared =

    1.6900


p =

    1.8540


ans =

    3.1416


adjacent_over_hypotenuse =

    0.7071


z =

   3.0000 + 2.0000i


zsquared =

   5.0000 +12.0000i


logz =

   1.2825 + 0.5880i


ans =

    'The following is a list of cube roots.'


cuberoots =

    1.0000    1.2599    1.4422    1.5874    1.7100    1.8171    1.9129    2.0000    2.0801    2.1544


x =

    1.3000


xsquared =

    1.6900


p =

    1.8540


ans =

    3.1416


adjacent_over_hypotenuse =

    0.7071


z =

   3.0000 + 2.0000i


zsquared =

   5.0000 +12.0000i


logz =

   1.2825 + 0.5880i


ans =

    'The following is a list of cube roots.'


cuberoots =

    1.0000    1.2599    1.4422    1.5874    1.7100    1.8171    1.9129    2.0000    2.0801    2.1544

demoscript

x =

    1.3000


xsquared =

    1.6900


p =

    1.8540


ans =

    3.1416


adjacent_over_hypotenuse =

    0.7071


z =

   3.0000 + 2.0000i


zsquared =

   5.0000 +12.0000i


logz =

   1.2825 + 0.5880i


ans =

    'The following is a list of cube roots.'


cuberoots =

    1.0000    1.2599    1.4422    1.5874    1.7100    1.8171    1.9129    2.0000    2.0801    2.1544

<a href="matlab: opentoline('C:\Users\husey\Desktop\MatlLab\Math381\demoscript.m',59,1)">59  </a>bad=1/(x-1)
opentoline('C:\Users\husey\Desktop\MatlLab\Math381\demoscript.m',59,1)
demoscript

x =

    1.3000


xsquared =

    1.6900


p =

    1.8540


ans =

    3.1416


adjacent_over_hypotenuse =

    0.7071


z =

   3.0000 + 2.0000i


zsquared =

   5.0000 +12.0000i


logz =

   1.2825 + 0.5880i


ans =

    'The following is a list of cube roots.'


cuberoots =

    1.0000    1.2599    1.4422    1.5874    1.7100    1.8171    1.9129    2.0000    2.0801    2.1544

<a href="matlab: opentoline('C:\Users\husey\Desktop\MatlLab\Math381\demoscript.m',59,1)">59  </a>bad=1/(x-1)
opentoline('C:\Users\husey\Desktop\MatlLab\Math381\demoscript.m',59,1)
opentoline('C:\Users\husey\Desktop\MatlLab\Math381\demoscript.m',59,1)

x =

    1.3000


xsquared =

    1.6900


p =

    1.8540


ans =

    3.1416


adjacent_over_hypotenuse =

    0.7071


z =

   3.0000 + 2.0000i


zsquared =

   5.0000 +12.0000i


logz =

   1.2825 + 0.5880i


ans =

    'The following is a list of cube roots.'


cuberoots =

    1.0000    1.2599    1.4422    1.5874    1.7100    1.8171    1.9129    2.0000    2.0801    2.1544


Result =

   -49


Result =

   -49


Result =

  -49.5000


Result =

  -49.5000


Result =

  -49.6667


Result =

  -49.6667


Result =

  -49.7500


Result =

  -49.7500


Result =

  -49.8000


Result =

  -49.8000


Result =

  -49.8333


Result =

  -49.8333


Result =

  -49.8571


Result =

  -49.8571


Result =

  -49.8750


Result =

  -49.8750


Result =

  -49.8889


Result =

  -49.8889


Result =

  -49.9000


Result =

  -49.9000


Result =

  -49.9091


Result =

  -49.9091


Result =

  -49.9167


Result =

  -49.9167


Result =

  -49.9231


Result =

  -49.9231


Result =

  -49.9286


Result =

  -49.9286


Result =

  -49.9333


Result =

  -49.9333


Result =

  -49.9375


Result =

  -49.9375


Result =

  -49.9412


Result =

  -49.9412


Result =

  -49.9444


Result =

  -49.9444


Result =

  -49.9474


Result =

  -49.9474


Result =

  -49.9500


Result =

  -49.9500


Result =

  -49.9524


Result =

  -49.9524


Result =

  -49.9545


Result =

  -49.9545


Result =

  -49.9565


Result =

  -49.9565


Result =

  -49.9583


Result =

  -49.9583


Result =

  -49.9600


Result =

  -49.9600


Result =

  -49.9615


Result =

  -49.9615


Result =

  -49.9630


Result =

  -49.9630


Result =

  -49.9643


Result =

  -49.9643


Result =

  -49.9655


Result =

  -49.9655


Result =

  -49.9667


Result =

  -49.9667


Result =

  -49.9677


Result =

  -49.9677


Result =

  -49.9688


Result =

  -49.9688


Result =

  -49.9697


Result =

  -49.9697


Result =

  -49.9706


Result =

  -49.9706


Result =

  -49.9714


Result =

  -49.9714


Result =

  -49.9722


Result =

  -49.9722


Result =

  -49.9730


Result =

  -49.9730


Result =

  -49.9737


Result =

  -49.9737


Result =

  -49.9744


Result =

  -49.9744


Result =

  -49.9750


Result =

  -49.9750


Result =

  -49.9756


Result =

  -49.9756


Result =

  -49.9762


Result =

  -49.9762


Result =

  -49.9767


Result =

  -49.9767


Result =

  -49.9773


Result =

  -49.9773


Result =

  -49.9778


Result =

  -49.9778


Result =

  -49.9783


Result =

  -49.9783


Result =

  -49.9787


Result =

  -49.9787


Result =

  -49.9792


Result =

  -49.9792


Result =

  -49.9796


Result =

  -49.9796


Result =

  -49.9800


Result =

  -49.9800


Result =

  -49.9804


Result =

  -49.9804


Result =

  -49.9808


Result =

  -49.9808


Result =

  -49.9811


Result =

  -49.9811


Result =

  -49.9815


Result =

  -49.9815


Result =

  -49.9818


Result =

  -49.9818


Result =

  -49.9821


Result =

  -49.9821


Result =

  -49.9825


Result =

  -49.9825


Result =

  -49.9828


Result =

  -49.9828


Result =

  -49.9831


Result =

  -49.9831


Result =

  -49.9833


Result =

  -49.9833


Result =

  -49.9836


Result =

  -49.9836


Result =

  -49.9839


Result =

  -49.9839


Result =

  -49.9841


Result =

  -49.9841


Result =

  -49.9844


Result =

  -49.9844


Result =

  -49.9846


