%Diary tets
%Diary test 2
f1(0)

ans =

    -9

@f1

ans =

  <a href="matlab:helpPopup function_handle" style="font-weight:bold">function_handle</a> with value:

    @f1

f1(3)

ans =

     0

f2(1)

ans =

    -1

f2(2)

ans =

    29

f(0)
{Unrecognized function or variable 'f'.
} 
f2(0)

ans =

    -1

f3(0)

ans =

     0

f3(1)

ans =

   0.367879441171442

f3(-1)

ans =

  -2.718281828459046

f3(2)

ans =

   0.270670566473225

f4(0)

ans =

     1

f4(6)

ans =

    -4.021081600762470e+02

f4(pi)

ans =

 -25.140692632779267

f5(1)

ans =

     0

f5(0)

ans =

    -1

f5(3)

ans =

    32

[z_1, number_of_iteration_1] = bisect(@f1, 0, 5)

The_formula =

    37

a=0, fa=-9, x=2.5, fx=-2.75, b=5, fb=16
a=2.5, fa=-2.75, x=3.75, fx=5.0625, b=5, fb=16
a=2.5, fa=-2.75, x=3.125, fx=0.76562, b=3.75, fb=5.0625
a=2.5, fa=-2.75, x=2.8125, fx=-1.0898, b=3.125, fb=0.76562
a=2.8125, fa=-1.0898, x=2.9688, fx=-0.18652, b=3.125, fb=0.76562
a=2.9688, fa=-0.18652, x=3.0469, fx=0.28345, b=3.125, fb=0.76562
a=2.9688, fa=-0.18652, x=3.0078, fx=0.046936, b=3.0469, fb=0.28345
a=2.9688, fa=-0.18652, x=2.9883, fx=-0.070175, b=3.0078, fb=0.046936
a=2.9883, fa=-0.070175, x=2.998, fx=-0.011715, b=3.0078, fb=0.046936
a=2.998, fa=-0.011715, x=3.0029, fx=0.017587, b=3.0078, fb=0.046936
a=2.998, fa=-0.011715, x=3.0005, fx=0.0029299, b=3.0029, fb=0.017587
a=2.998, fa=-0.011715, x=2.9993, fx=-0.004394, b=3.0005, fb=0.0029299
a=2.9993, fa=-0.004394, x=2.9999, fx=-0.00073241, b=3.0005, fb=0.0029299
a=2.9999, fa=-0.00073241, x=3.0002, fx=0.0010987, b=3.0005, fb=0.0029299
a=2.9999, fa=-0.00073241, x=3, fx=0.00018311, b=3.0002, fb=0.0010987
a=2.9999, fa=-0.00073241, x=3, fx=-0.00027466, b=3, fb=0.00018311
a=3, fa=-0.00027466, x=3, fx=-4.5776e-05, b=3, fb=0.00018311
a=3, fa=-4.5776e-05, x=3, fx=6.8665e-05, b=3, fb=0.00018311
a=3, fa=-4.5776e-05, x=3, fx=1.1444e-05, b=3, fb=6.8665e-05
a=3, fa=-4.5776e-05, x=3, fx=-1.7166e-05, b=3, fb=1.1444e-05
a=3, fa=-1.7166e-05, x=3, fx=-2.861e-06, b=3, fb=1.1444e-05
a=3, fa=-2.861e-06, x=3, fx=4.2915e-06, b=3, fb=1.1444e-05
a=3, fa=-2.861e-06, x=3, fx=7.1526e-07, b=3, fb=4.2915e-06
a=3, fa=-2.861e-06, x=3, fx=-1.0729e-06, b=3, fb=7.1526e-07
a=3, fa=-1.0729e-06, x=3, fx=-1.7881e-07, b=3, fb=7.1526e-07
a=3, fa=-1.7881e-07, x=3, fx=2.6822e-07, b=3, fb=7.1526e-07
a=3, fa=-1.7881e-07, x=3, fx=4.4703e-08, b=3, fb=2.6822e-07
a=3, fa=-1.7881e-07, x=3, fx=-6.7055e-08, b=3, fb=4.4703e-08
a=3, fa=-6.7055e-08, x=3, fx=-1.1176e-08, b=3, fb=4.4703e-08
a=3, fa=-1.1176e-08, x=3, fx=1.6764e-08, b=3, fb=4.4703e-08
a=3, fa=-1.1176e-08, x=3, fx=2.794e-09, b=3, fb=1.6764e-08
a=3, fa=-1.1176e-08, x=3, fx=-4.191e-09, b=3, fb=2.794e-09
a=3, fa=-4.191e-09, x=3, fx=-6.9849e-10, b=3, fb=2.794e-09
a=3, fa=-6.9849e-10, x=3, fx=1.0477e-09, b=3, fb=2.794e-09
a=3, fa=-6.9849e-10, x=3, fx=1.7462e-10, b=3, fb=1.0477e-09
a=3, fa=-6.9849e-10, x=3, fx=-2.6193e-10, b=3, fb=1.7462e-10

z_1 =

   2.999999999956344


number_of_iteration_1 =

    36

format long
[z_1, iteration_1] = bisect(@f1, 0, 5)

The_formula =

    37

a=0, fa=-9, x=2.5, fx=-2.75, b=5, fb=16
a=2.5, fa=-2.75, x=3.75, fx=5.0625, b=5, fb=16
a=2.5, fa=-2.75, x=3.125, fx=0.76562, b=3.75, fb=5.0625
a=2.5, fa=-2.75, x=2.8125, fx=-1.0898, b=3.125, fb=0.76562
a=2.8125, fa=-1.0898, x=2.9688, fx=-0.18652, b=3.125, fb=0.76562
a=2.9688, fa=-0.18652, x=3.0469, fx=0.28345, b=3.125, fb=0.76562
a=2.9688, fa=-0.18652, x=3.0078, fx=0.046936, b=3.0469, fb=0.28345
a=2.9688, fa=-0.18652, x=2.9883, fx=-0.070175, b=3.0078, fb=0.046936
a=2.9883, fa=-0.070175, x=2.998, fx=-0.011715, b=3.0078, fb=0.046936
a=2.998, fa=-0.011715, x=3.0029, fx=0.017587, b=3.0078, fb=0.046936
a=2.998, fa=-0.011715, x=3.0005, fx=0.0029299, b=3.0029, fb=0.017587
a=2.998, fa=-0.011715, x=2.9993, fx=-0.004394, b=3.0005, fb=0.0029299
a=2.9993, fa=-0.004394, x=2.9999, fx=-0.00073241, b=3.0005, fb=0.0029299
a=2.9999, fa=-0.00073241, x=3.0002, fx=0.0010987, b=3.0005, fb=0.0029299
a=2.9999, fa=-0.00073241, x=3, fx=0.00018311, b=3.0002, fb=0.0010987
a=2.9999, fa=-0.00073241, x=3, fx=-0.00027466, b=3, fb=0.00018311
a=3, fa=-0.00027466, x=3, fx=-4.5776e-05, b=3, fb=0.00018311
a=3, fa=-4.5776e-05, x=3, fx=6.8665e-05, b=3, fb=0.00018311
a=3, fa=-4.5776e-05, x=3, fx=1.1444e-05, b=3, fb=6.8665e-05
a=3, fa=-4.5776e-05, x=3, fx=-1.7166e-05, b=3, fb=1.1444e-05
a=3, fa=-1.7166e-05, x=3, fx=-2.861e-06, b=3, fb=1.1444e-05
a=3, fa=-2.861e-06, x=3, fx=4.2915e-06, b=3, fb=1.1444e-05
a=3, fa=-2.861e-06, x=3, fx=7.1526e-07, b=3, fb=4.2915e-06
a=3, fa=-2.861e-06, x=3, fx=-1.0729e-06, b=3, fb=7.1526e-07
a=3, fa=-1.0729e-06, x=3, fx=-1.7881e-07, b=3, fb=7.1526e-07
a=3, fa=-1.7881e-07, x=3, fx=2.6822e-07, b=3, fb=7.1526e-07
a=3, fa=-1.7881e-07, x=3, fx=4.4703e-08, b=3, fb=2.6822e-07
a=3, fa=-1.7881e-07, x=3, fx=-6.7055e-08, b=3, fb=4.4703e-08
a=3, fa=-6.7055e-08, x=3, fx=-1.1176e-08, b=3, fb=4.4703e-08
a=3, fa=-1.1176e-08, x=3, fx=1.6764e-08, b=3, fb=4.4703e-08
a=3, fa=-1.1176e-08, x=3, fx=2.794e-09, b=3, fb=1.6764e-08
a=3, fa=-1.1176e-08, x=3, fx=-4.191e-09, b=3, fb=2.794e-09
a=3, fa=-4.191e-09, x=3, fx=-6.9849e-10, b=3, fb=2.794e-09
a=3, fa=-6.9849e-10, x=3, fx=1.0477e-09, b=3, fb=2.794e-09
a=3, fa=-6.9849e-10, x=3, fx=1.7462e-10, b=3, fb=1.0477e-09
a=3, fa=-6.9849e-10, x=3, fx=-2.6193e-10, b=3, fb=1.7462e-10

z_1 =

   2.999999999956344


iteration_1 =

    36

[z_2, iteration_2] = bisect(@f2, 1, 2)

The_formula =

    34

a=1, fa=-1, x=1.5, fx=5.0938, b=2, fb=29
a=1, fa=-1, x=1.25, fx=0.80176, b=1.5, fb=5.0938
a=1, fa=-1, x=1.125, fx=-0.32297, b=1.25, fb=0.80176
a=1.125, fa=-0.32297, x=1.1875, fx=0.17389, b=1.25, fb=0.80176
a=1.125, fa=-0.32297, x=1.1562, fx=-0.089639, b=1.1875, fb=0.17389
a=1.1562, fa=-0.089639, x=1.1719, fx=0.038197, b=1.1875, fb=0.17389
a=1.1562, fa=-0.089639, x=1.1641, fx=-0.026684, b=1.1719, fb=0.038197
a=1.1641, fa=-0.026684, x=1.168, fx=0.0055136, b=1.1719, fb=0.038197
a=1.1641, fa=-0.026684, x=1.166, fx=-0.010646, b=1.168, fb=0.0055136
a=1.166, fa=-0.010646, x=1.167, fx=-0.0025811, b=1.168, fb=0.0055136
a=1.167, fa=-0.0025811, x=1.1675, fx=0.0014624, b=1.168, fb=0.0055136
a=1.167, fa=-0.0025811, x=1.1672, fx=-0.0005603, b=1.1675, fb=0.0014624
a=1.1672, fa=-0.0005603, x=1.1674, fx=0.00045083, b=1.1675, fb=0.0014624
a=1.1672, fa=-0.0005603, x=1.1673, fx=-5.4794e-05, b=1.1674, fb=0.00045083
a=1.1673, fa=-5.4794e-05, x=1.1673, fx=0.000198, b=1.1674, fb=0.00045083
a=1.1673, fa=-5.4794e-05, x=1.1673, fx=7.1601e-05, b=1.1673, fb=0.000198
a=1.1673, fa=-5.4794e-05, x=1.1673, fx=8.4028e-06, b=1.1673, fb=7.1601e-05
a=1.1673, fa=-5.4794e-05, x=1.1673, fx=-2.3196e-05, b=1.1673, fb=8.4028e-06
a=1.1673, fa=-2.3196e-05, x=1.1673, fx=-7.3965e-06, b=1.1673, fb=8.4028e-06
a=1.1673, fa=-7.3965e-06, x=1.1673, fx=5.0313e-07, b=1.1673, fb=8.4028e-06
a=1.1673, fa=-7.3965e-06, x=1.1673, fx=-3.4467e-06, b=1.1673, fb=5.0313e-07
a=1.1673, fa=-3.4467e-06, x=1.1673, fx=-1.4718e-06, b=1.1673, fb=5.0313e-07
a=1.1673, fa=-1.4718e-06, x=1.1673, fx=-4.8432e-07, b=1.1673, fb=5.0313e-07
a=1.1673, fa=-4.8432e-07, x=1.1673, fx=9.405e-09, b=1.1673, fb=5.0313e-07
a=1.1673, fa=-4.8432e-07, x=1.1673, fx=-2.3746e-07, b=1.1673, fb=9.405e-09
a=1.1673, fa=-2.3746e-07, x=1.1673, fx=-1.1403e-07, b=1.1673, fb=9.405e-09
a=1.1673, fa=-1.1403e-07, x=1.1673, fx=-5.2311e-08, b=1.1673, fb=9.405e-09
a=1.1673, fa=-5.2311e-08, x=1.1673, fx=-2.1453e-08, b=1.1673, fb=9.405e-09
a=1.1673, fa=-2.1453e-08, x=1.1673, fx=-6.024e-09, b=1.1673, fb=9.405e-09
a=1.1673, fa=-6.024e-09, x=1.1673, fx=1.6905e-09, b=1.1673, fb=9.405e-09
a=1.1673, fa=-6.024e-09, x=1.1673, fx=-2.1668e-09, b=1.1673, fb=1.6905e-09
a=1.1673, fa=-2.1668e-09, x=1.1673, fx=-2.3816e-10, b=1.1673, fb=1.6905e-09
a=1.1673, fa=-2.3816e-10, x=1.1673, fx=7.2615e-10, b=1.1673, fb=1.6905e-09
a=1.1673, fa=-2.3816e-10, x=1.1673, fx=2.4399e-10, b=1.1673, fb=7.2615e-10

z_2 =

   1.167303978290875


iteration_2 =

    34

[z_3, iteration_3] = bisect(@f3, -1, 2)

