Diary test
{Unrecognized function or variable 'Diary'.
} 
clear
cosmx(0.5)

ans =

    0.3776

format long
cosmx(0.5)

ans =

   0.377582561890373


cosmx(0)

ans =

     1

cosmx(pi)

ans =

  -4.141592653589793

pi

ans =

   3.141592653589793

xplot = linspace(-pi,pi,100)

xplot =

  Columns 1 through 9

  -3.141592653589793  -3.078126135335454  -3.014659617081115  -2.951193098826776  -2.887726580572436  -2.824260062318097  -2.760793544063758  -2.697327025809419  -2.633860507555079

  Columns 10 through 18

  -2.570393989300740  -2.506927471046401  -2.443460952792061  -2.379994434537722  -2.316527916283383  -2.253061398029044  -2.189594879774704  -2.126128361520365  -2.062661843266026

  Columns 19 through 27

  -1.999195325011687  -1.935728806757347  -1.872262288503008  -1.808795770248669  -1.745329251994330  -1.681862733739990  -1.618396215485651  -1.554929697231312  -1.491463178976973

  Columns 28 through 36

  -1.427996660722633  -1.364530142468294  -1.301063624213955  -1.237597105959616  -1.174130587705276  -1.110664069450937  -1.047197551196598  -0.983731032942258  -0.920264514687919

  Columns 37 through 45

  -0.856797996433580  -0.793331478179241  -0.729864959924901  -0.666398441670562  -0.602931923416223  -0.539465405161884  -0.475998886907544  -0.412532368653205  -0.349065850398866

  Columns 46 through 54

  -0.285599332144527  -0.222132813890187  -0.158666295635848  -0.095199777381509  -0.031733259127170   0.031733259127170   0.095199777381509   0.158666295635848   0.222132813890187

  Columns 55 through 63

   0.285599332144527   0.349065850398866   0.412532368653205   0.475998886907544   0.539465405161884   0.602931923416223   0.666398441670562   0.729864959924901   0.793331478179241

  Columns 64 through 72

   0.856797996433580   0.920264514687919   0.983731032942258   1.047197551196598   1.110664069450937   1.174130587705276   1.237597105959616   1.301063624213955   1.364530142468294

  Columns 73 through 81

   1.427996660722633   1.491463178976973   1.554929697231312   1.618396215485651   1.681862733739990   1.745329251994330   1.808795770248669   1.872262288503008   1.935728806757347

  Columns 82 through 90

   1.999195325011687   2.062661843266026   2.126128361520365   2.189594879774704   2.253061398029044   2.316527916283383   2.379994434537722   2.443460952792061   2.506927471046401

  Columns 91 through 99

   2.570393989300740   2.633860507555079   2.697327025809419   2.760793544063758   2.824260062318097   2.887726580572436   2.951193098826776   3.014659617081115   3.078126135335454

  Column 100

   3.141592653589793

plot(xplot, y1plot)
{Unrecognized function or variable 'y1plot'.
} 
plot(xplot, cosmx(xplot))
plot(xplot, cosmx(xplot))
hold on
plot(xplot, 0*xplot)
hold off
plot(xplot, cosmx(xplot))
hold on
plot(xplot, 0)
hold off
diary off
